1 1111
2 2222
3 3333
1 1111
2 2222
3 3333
1 1111
2 2222
3 3333
1 1111
2 2222
3 3333
1 1111
2 2222
3 3333
1 1111
2 2222
3 3333
1 1111
2 2222
3 3333
1 1111
2 2222
3 3333

1 1111
2 2222
3 3333
1 1111
2 2222
3 3333
1 1111
2 2222
3 3333
1 1111
2 2222
3 3333
1 1111
2 2222
3 3333
1 1111
2 2222
3 3333
1 1111
2 2222
3 3333
1 1111
2 2222
3 3333

1 1111
2 2222
3 3333
1 1111
2 2222
3 3333
1 1111
2 2222
3 3333
1 1111
2 2222
3 3333
1 1111
2 2222
3 3333
1 1111
2 2222
3 3333
1 1111
2 2222
3 3333
1 1111
2 2222
3 3333

1 1111
2 2222
3 3333
1 1111
2 2222
3 3333
1 1111
2 2222
3 3333
1 1111
2 2222
3 3333
1 1111
2 2222
3 3333
1 1111
2 2222
3 3333
1 1111
2 2222
3 3333
1 1111
2 2222
3 3333
